jasonleakey@uKi:~/project/CourseProject$ java -jar nlp2.jar -S1
=====================================
BIGRAM COUNTS
              profit  chairman      said      next        he       the         .   company      will  increase      year
    profit         0         0         0         0         0         0         2         0         0         0         0
  chairman         0         0         7         0         0         0        37         0         0         0         0
      said         0         0         0         0        21        32        18         0         0         0         0
      next         0         0         0         0         0         0         0         0         0         0         6
        he         0         0         5         0         0         0         0         0         7         0         0
       the         0        42         0         7         0         0         0        92         0         0         3
         .         0         1         0         1        30       121         0         0         1         0         0
   company         0         0         4         0         0         0        22         0         0         0         0
      will         0         0         0         0         1         0         0         0         0         0         0
  increase         0         0         0         0         0         0         0         0         0         0         0
      year         0         0         0         0         0         0         4         0         0         0         0
=====================================
a) WITHOUT SMOOTHING
              profit  chairman      said      next        he       the         .   company      will  increase      year
    profit         0         0         0         0         0         0  0.200000         0         0         0         0
  chairman         0         0  0.012302         0         0         0  0.065026         0         0         0         0
      said         0         0         0         0  0.074733  0.113879  0.064057         0         0         0         0
      next         0         0         0         0         0         0         0         0         0         0  0.285714
        he         0         0  0.041322         0         0         0         0         0  0.057851         0         0
       the         0  0.026549         0  0.004425         0         0         0  0.058154         0         0  0.001896
         .         0  0.001001         0  0.001001  0.030030  0.121121         0         0  0.001001         0         0
   company         0         0  0.027211         0         0         0  0.149660         0         0         0         0
      will         0         0         0         0  0.008696         0         0         0         0         0         0
  increase         0         0         0         0         0         0         0         0         0         0         0
      year         0         0         0         0         0         0  0.125000         0         0         0         0

Total probability: 0.0

=====================================
b) ADD-ONE SMOOTHING
              profit  chairman      said      next        he       the         .   company      will  increase      year
    profit  0.000190  0.000190  0.000190  0.000190  0.000190  0.000190  0.000570  0.000190  0.000190  0.000190  0.000190
  chairman  0.000172  0.000172  0.001375  0.000172  0.000172  0.000172  0.006529  0.000172  0.000172  0.000172  0.000172
      said  0.000181  0.000181  0.000181  0.000181  0.003977  0.005965  0.003435  0.000181  0.000181  0.000181  0.000181
      next  0.000190  0.000190  0.000190  0.000190  0.000190  0.000190  0.000190  0.000190  0.000190  0.000190  0.001328
        he  0.000186  0.000186  0.001117  0.000186  0.000186  0.000186  0.000186  0.000186  0.001489  0.000186  0.000186
       the  0.000146  0.006293  0.000146  0.001171  0.000146  0.000146  0.000146  0.013610  0.000146  0.000146  0.000585
         .  0.000160  0.000320  0.000160  0.000320  0.004960  0.019520  0.000160  0.000160  0.000320  0.000160  0.000160
   company  0.000185  0.000185  0.000926  0.000185  0.000185  0.000185  0.004261  0.000185  0.000185  0.000185  0.000185
      will  0.000186  0.000186  0.000186  0.000186  0.000373  0.000186  0.000186  0.000186  0.000186  0.000186  0.000186
  increase  0.000190  0.000190  0.000190  0.000190  0.000190  0.000190  0.000190  0.000190  0.000190  0.000190  0.000190
      year  0.000189  0.000189  0.000189  0.000189  0.000189  0.000189  0.000946  0.000189  0.000189  0.000189  0.000189

Total probability: 2.5430869061364364E-35

=====================================
c) GOOD-TURING SMOOTHING
              profit  chairman      said      next        he       the         .   company      will  increase      year
    profit  0.503768  0.503768  0.503768  0.503768  0.503768  0.503768  0.000036  0.503768  0.503768  0.503768  0.503768
  chairman  0.503768  0.503768  0.000239  0.503768  0.503768  0.503768  0.001262  0.503768  0.503768  0.503768  0.503768
      said  0.503768  0.503768  0.503768  0.503768  0.000716  0.001091  0.000614  0.503768  0.503768  0.503768  0.503768
      next  0.503768  0.503768  0.503768  0.503768  0.503768  0.503768  0.503768  0.503768  0.503768  0.503768  0.000205
        he  0.503768  0.503768  0.000171  0.503768  0.503768  0.503768  0.503768  0.503768  0.000239  0.503768  0.503768
       the  0.503768  0.001432  0.503768  0.000239  0.503768  0.503768  0.503768  0.003137  0.503768  0.503768  0.000062
         .  0.503768  0.000008  0.503768  0.000008  0.001023  0.004126  0.503768  0.503768  0.000008  0.503768  0.503768
   company  0.503768  0.503768  0.000136  0.503768  0.503768  0.503768  0.000750  0.503768  0.503768  0.503768  0.503768
      will  0.503768  0.503768  0.503768  0.503768  0.000008  0.503768  0.503768  0.503768  0.503768  0.503768  0.503768
  increase  0.503768  0.503768  0.503768  0.503768  0.503768  0.503768  0.503768  0.503768  0.503768  0.503768  0.503768
      year  0.503768  0.503768  0.503768  0.503768  0.503768  0.503768  0.000136  0.503768  0.503768  0.503768  0.503768

Total probability: 1.1591501727955204E-22

