jasonleakey@uKi:~/project/CourseProject$ java -jar nlp2.jar -S2
=====================================
BIGRAM COUNTS
              profit president      said      last      good        he       the         .      were      year  believes
    profit         0         0         0         0         0         0         0         2         0         0         0
 president         0         0         0         0         0         0         0         5         0         0         0
      said         0         0         0         0         0        21        32        18         0         0         0
      last         0         0         0         0         0         0         0         0         0         4         0
      good         0         0         0         0         0         0         0         0         0         0         0
        he         0         0         5         0         0         0         0         0         0         0         1
       the         0         4         0         4         0         0         0         0         0         3         0
         .         0         1         0         0         0        30       121         0         0         0         0
      were         0         0         0         1         0         0         1         0         0         0         0
      year         0         0         0         0         0         0         0         4         0         0         0
  believes         0         0         0         0         0         0         1         0         0         0         0
=====================================
a) WITHOUT SMOOTHING
              profit president      said      last      good        he       the         .      were      year  believes
    profit         0         0         0         0         0         0         0  0.200000         0         0         0
 president         0         0         0         0         0         0         0  0.052083         0         0         0
      said         0         0         0         0         0  0.074733  0.113879  0.064057         0         0         0
      last         0         0         0         0         0         0         0         0         0  0.121212         0
      good         0         0         0         0         0         0         0         0         0         0         0
        he         0         0  0.041322         0         0         0         0         0         0         0  0.008264
       the         0  0.002528         0  0.002528         0         0         0         0         0  0.001896         0
         .         0  0.001001         0         0         0  0.030030  0.121121         0         0         0         0
      were         0         0         0  0.020833         0         0  0.020833         0         0         0         0
      year         0         0         0         0         0         0         0  0.125000         0         0         0
  believes         0         0         0         0         0         0  1.000000         0         0         0         0

Total probability: 0.0

=====================================
b) ADD-ONE SMOOTHING
              profit president      said      last      good        he       the         .      were      year  believes
    profit  0.000190  0.000190  0.000190  0.000190  0.000190  0.000190  0.000190  0.000570  0.000190  0.000190  0.000190
 president  0.000187  0.000187  0.000187  0.000187  0.000187  0.000187  0.000187  0.001122  0.000187  0.000187  0.000187
      said  0.000181  0.000181  0.000181  0.000181  0.000181  0.003977  0.005965  0.003435  0.000181  0.000181  0.000181
      last  0.000189  0.000189  0.000189  0.000189  0.000189  0.000189  0.000189  0.000189  0.000189  0.000946  0.000189
      good  0.000190  0.000190  0.000190  0.000190  0.000190  0.000190  0.000190  0.000190  0.000190  0.000190  0.000190
        he  0.000186  0.000186  0.001117  0.000186  0.000186  0.000186  0.000186  0.000186  0.000186  0.000186  0.000372
       the  0.000146  0.000732  0.000146  0.000732  0.000146  0.000146  0.000146  0.000146  0.000146  0.000585  0.000146
         .  0.000160  0.000320  0.000160  0.000160  0.000160  0.004960  0.019520  0.000160  0.000160  0.000160  0.000160
      were  0.000189  0.000189  0.000189  0.000377  0.000189  0.000189  0.000377  0.000189  0.000189  0.000189  0.000189
      year  0.000189  0.000189  0.000189  0.000189  0.000189  0.000189  0.000189  0.000946  0.000189  0.000189  0.000189
  believes  0.000190  0.000190  0.000190  0.000190  0.000190  0.000190  0.000381  0.000190  0.000190  0.000190  0.000190

Total probability: 6.903008457084478E-38

=====================================
c) GOOD-TURING SMOOTHING
              profit president      said      last      good        he       the         .      were      year  believes
    profit  0.503768  0.503768  0.503768  0.503768  0.503768  0.503768  0.503768  0.000036  0.503768  0.503768  0.503768
 president  0.503768  0.503768  0.503768  0.503768  0.503768  0.503768  0.503768  0.000171  0.503768  0.503768  0.503768
      said  0.503768  0.503768  0.503768  0.503768  0.503768  0.000716  0.001091  0.000614  0.503768  0.503768  0.503768
      last  0.503768  0.503768  0.503768  0.503768  0.503768  0.503768  0.503768  0.503768  0.503768  0.000136  0.503768
      good  0.503768  0.503768  0.503768  0.503768  0.503768  0.503768  0.503768  0.503768  0.503768  0.503768  0.503768
        he  0.503768  0.503768  0.000171  0.503768  0.503768  0.503768  0.503768  0.503768  0.503768  0.503768  0.000008
       the  0.503768  0.000136  0.503768  0.000136  0.503768  0.503768  0.503768  0.503768  0.503768  0.000062  0.503768
         .  0.503768  0.000008  0.503768  0.503768  0.503768  0.001023  0.004126  0.503768  0.503768  0.503768  0.503768
      were  0.503768  0.503768  0.503768  0.000008  0.503768  0.503768  0.000008  0.503768  0.503768  0.503768  0.503768
      year  0.503768  0.503768  0.503768  0.503768  0.503768  0.503768  0.503768  0.000136  0.503768  0.503768  0.503768
  believes  0.503768  0.503768  0.503768  0.503768  0.503768  0.503768  0.000008  0.503768  0.503768  0.503768  0.503768

Total probability: 3.3431437189021605E-27
